DAE-11 AIRFOIL
 1.0000000     0.0000000
 0.9960022     0.0007562
 0.9892525     0.0020223
 0.9815317     0.0034559
 0.9729577     0.0050551
 0.9637328     0.0068320
 0.9539642     0.0087905
 0.9437666     0.0109039
 0.9332967     0.0131372
 0.9226961     0.0154646
 0.9120403     0.0178726
 0.9013441     0.0203588
 0.8906111     0.0229221
 0.8798475     0.0255605
 0.8690601     0.0282708
 0.8582512     0.0310499
 0.8474187     0.0338960
 0.8365580     0.0368068
 0.8256658     0.0397797
 0.8147398     0.0428115
 0.8037773     0.0458986
 0.7927742     0.0490380
 0.7817257     0.0522258
 0.7706322     0.0554566
 0.7595016     0.0587223
 0.7483463     0.0620158
 0.7371759     0.0653318
 0.7259959     0.0686652
 0.7148142     0.0720049
 0.7036517     0.0753341
 0.6925403     0.0786330
 0.6815080     0.0818833
 0.6705693     0.0850715
 0.6597277     0.0881865
 0.6489833     0.0912183
 0.6383359     0.0941573
 0.6277845     0.0969940
 0.6173266     0.0997198
 0.6069581     0.1023269
 0.5966711     0.1048089
 0.5864512     0.1071612
 0.5762788     0.1093816
 0.5661326     0.1114719
 0.5559909     0.1134334
 0.5458327     0.1152691
 0.5356437     0.1169838
 0.5254183     0.1185804
 0.5151578     0.1200605
 0.5048656     0.1214250
 0.4945462     0.1226747
 0.4842039     0.1238099
 0.4738425     0.1248306
 0.4634650     0.1257370
 0.4530747     0.1265287
 0.4426764     0.1272055
 0.4322758     0.1277669
 0.4218756     0.1282119
 0.4114731     0.1285394
 0.4010614     0.1287497
 0.3906354     0.1288444
 0.3801944     0.1288249
 0.3697424     0.1286923
 0.3592883     0.1284476
 0.3488452     0.1280918
 0.3384254     0.1276238
 0.3280323     0.1270415
 0.3176597     0.1263426
 0.3073010     0.1255267
 0.2969580     0.1245948
 0.2866405     0.1235476
 0.2763583     0.1223846
 0.2661167     0.1211046
 0.2559171     0.1197064
 0.2457617     0.1181890
 0.2356545     0.1165517
 0.2256020     0.1147939
 0.2156111     0.1129148
 0.2056896     0.1109141
 0.1958448     0.1087905
 0.1860817     0.1065424
 0.1764035     0.1041679
 0.1668150     0.1016663
 0.1573265     0.0990384
 0.1479531     0.0962863
 0.1387111     0.0934109
 0.1296146     0.0904132
 0.1206770     0.0872945
 0.1119155     0.0840577
 0.1033507     0.0807085
 0.0950075     0.0772546
 0.0869153     0.0737067
 0.0791047     0.0700796
 0.0716112     0.0663917
 0.0644770     0.0626687
 0.0577420     0.0589418
 0.0514439     0.0552433
 0.0456127     0.0516075
 0.0402608     0.0480658
 0.0353917     0.0446444
 0.0310017     0.0413683
 0.0270709     0.0382558
 0.0235676     0.0353127
 0.0204553     0.0325349
 0.0176923     0.0299141
 0.0152368     0.0274390
 0.0130540     0.0250972
 0.0111172     0.0228790
 0.0094014     0.0207764
 0.0078826     0.0187821
 0.0065403     0.0168874
 0.0053574     0.0150809
 0.0043169     0.0133498
 0.0034030     0.0116823
 0.0026037     0.0100682
 0.0019149     0.0085023
 0.0013359     0.0069858
 0.0008647     0.0055227
 0.0004976     0.0041176
 0.0002326     0.0027713
 0.0000675     0.0014738
 0.0000013     0.0002075
 0.0000387    -0.0010482
 0.0001991    -0.0023023
 0.0005120    -0.0035487
 0.0010035    -0.0047694
 0.0016713    -0.0059420
 0.0025070    -0.0070446
 0.0035059    -0.0080591
 0.0046661    -0.0089677
 0.0059856    -0.0097595
 0.0074574    -0.0104485
 0.0090693    -0.0110557
 0.0108215    -0.0115951
 0.0127295    -0.0120759
 0.0148098    -0.0125134
 0.0170833    -0.0129205
 0.0195815    -0.0132968
 0.0223431    -0.0136420
 0.0254145    -0.0139591
 0.0288526    -0.0142509
 0.0327282    -0.0145113
 0.0371223    -0.0147325
 0.0421242    -0.0149089
 0.0478343    -0.0150362
 0.0543488    -0.0151012
 0.0617190    -0.0150917
 0.0699364    -0.0150040
 0.0789527    -0.0148353
 0.0886520    -0.0145828
 0.0988836    -0.0142524
 0.1095236    -0.0138516
 0.1204624    -0.0133881
 0.1316149    -0.0128716
 0.1429260    -0.0123100
 0.1543542    -0.0117108
 0.1658706    -0.0110809
 0.1774554    -0.0104257
 0.1890941    -0.0097499
 0.2007767    -0.0090578
 0.2124957    -0.0083526
 0.2242443    -0.0076378
 0.2360165    -0.0069157
 0.2478058    -0.0061885
 0.2596050    -0.0054583
 0.2714077    -0.0047271
 0.2832096    -0.0039969
 0.2950087    -0.0032693
 0.3068023    -0.0025453
 0.3185847    -0.0018258
 0.3303489    -0.0011127
 0.3420930    -0.0004084
 0.3538235     0.0002852
 0.3655506     0.0009679
 0.3772765     0.0016403
 0.3889939     0.0023025
 0.4006927     0.0029521
 0.4123716     0.0035863
 0.4240380     0.0042037
 0.4356999     0.0048045
 0.4473594     0.0053890
 0.4590128     0.0059565
 0.4706549     0.0065060
 0.4822804     0.0070360
 0.4938856     0.0075446
 0.5054706     0.0080296
 0.5170398     0.0084887
 0.5285991     0.0089214
 0.5401521     0.0093272
 0.5516999     0.0097058
 0.5632416     0.0100565
 0.5747758     0.0103788
 0.5863007     0.0106718
 0.5978170     0.0109346
 0.6093293     0.0111662
 0.6208435     0.0113667
 0.6323625     0.0115368
 0.6438839     0.0116772
 0.6554036     0.0117876
 0.6669208     0.0118676
 0.6784383     0.0119169
 0.6899595     0.0119359
 0.7014854     0.0119252
 0.7130146     0.0118854
 0.7245440     0.0118165
 0.7360698     0.0117188
 0.7475879     0.0115917
 0.7590957     0.0114344
 0.7705931     0.0112456
 0.7820810     0.0110246
 0.7935601     0.0107707
 0.8050308     0.0104831
 0.8164932     0.0101613
 0.8279486     0.0098048
 0.8393980     0.0094130
 0.8508408     0.0089859
 0.8622730     0.0085235
 0.8736883     0.0080253
 0.8850826     0.0074905
 0.8964550     0.0069180
 0.9078009     0.0063092
 0.9191011     0.0056674
 0.9303177     0.0049966
 0.9413739     0.0043013
 0.9521406     0.0035898
 0.9624583     0.0028728
 0.9721620     0.0021627
 0.9810925     0.0014807
 0.9890455     0.0008611
 0.9959378     0.0003203
 1.0000000     0.0000000
